1 877058
877059 1240348
1240349 1519110
1519111 1754117
1754118 1961163
1961164 2148347
2148348 2320480
2320481 2480698
2480699 2631178
2631179 2773505
2773506 2908877
2908878 3038223
3038224 3162283
3162284 3281656
3281657 3396837
3396838 3508238
3508239 3616209
3616210 3721048
3721049 3823014
3823015 3922330
3922331 4019192
4019193 4113774
4113775 4206230
4206231 4296697
4296698 4385298
4385299 4472144
4472145 4557336
4557337 4640964
4640965 4723112
4723113 4803855
4803856 4883263
4883264 4961400
4961401 5038326
5038327 5114095
5114096 5188757
5188758 5262360
5262361 5334948
5334949 5406561
5406562 5477238
5477239 5547015
5547016 5615925
5615926 5683999
5684000 5751268
5751269 5817759
5817760 5883499
5883500 5948512
5948513 6012822
6012823 6076452
6076453 6139422
6139423 6201753
6201754 6263464
6263465 6324573
6324574 6385097
6385098 6445052
6445053 6504455
6504456 6563320
6563321 6621662
6621663 6679494
6679495 6736830
6736831 6793682
6793683 6850062
6850063 6905982
6905983 6961453
6961454 7016485
7016486 7071089
7071090 7125275
7125276 7179052
7179053 7232429
7232430 7285415
7285416 7338018
7338019 7390247
7390248 7442109
7442110 7493612
7493613 7544764
7544765 7595571
7595572 7646041
7646042 7696180
7696181 7745994
7745995 7795490
7795491 7844674
7844675 7893551
7893552 7942127
7942128 7990408
7990409 8038399
8038400 8086105
8086106 8133531
8133532 8180682
8180683 8227563
8227564 8274179
8274180 8320533
8320534 8366631
8366632 8412476
8412477 8458073
8458074 8503425
8503426 8548536
8548537 8593411
8593412 8638053
8638054 8682465
8682466 8726651
8726652 8770614
8770615 8814358
8814359 8857886
8857887 8901201
8901202 8944307
8944308 8987206
8987207 9029901
9029902 9072395
9072396 9114691
9114692 9156792
9156793 9198700
9198701 9240418
9240419 9281948
9281949 9323293
9323294 9364456
9364457 9405439
9405440 9446244
9446245 9486873
9486874 9527329
9527330 9567614
9567615 9607730
9607731 9647679
9647680 9687464
9687465 9727086
9727087 9766547
9766548 9805849
9805850 9844994
9844995 9883984
9883985 9922821
9922822 9961507
9961508 10000043
10000044 10038431
10038432 10076673
10076674 10114770
10114771 10152724
10152725 10190537
10190538 10228210
10228211 10265745
10265746 10303143
10303144 10340406
10340407 10377535
10377536 10414532
10414533 10451398
10451399 10488134
10488135 10524742
10524743 10561223
10561224 10597579
10597580 10633810
10633811 10669918
10669919 10705905
10705906 10741771
10741772 10777518
10777519 10813146
10813147 10848657
10848658 10884053
10884054 10919334
10919335 10954501
10954502 10989556
10989557 11024499
11024500 11059332
11059333 11094055
11094056 11128670
11128671 11163178
11163179 11197579
11197580 11231875
11231876 11266067
11266068 11300155
11300156 11334141
11334142 11368025
11368026 11401808
11401809 11435492
11435493 11469077
11469078 11502564
11502565 11535953
11535954 11569246
11569247 11602444
11602445 11635547
11635548 11668556
11668557 11701472
11701473 11734295
11734296 11767027
11767028 11799668
11799669 11832219
11832220 11864681
11864682 11897054
11897055 11929339
11929340 11961537
11961538 11993649
11993650 12025675
12025676 12057616
12057617 12089473
12089474 12121246
12121247 12152936
12152937 12184543
12184544 12216069
12216070 12247513
12247514 12278877
12278878 12310161
12310162 12341366
12341367 12372492
12372493 12403540
12403541 12434510
12434511 12465403
12465404 12496220
12496221 12526961
12526962 12557627
12557628 12588218
12588219 12618735
12618736 12649178
12649179 12679548
12679549 12709846
12709847 12740072
12740073 12770226
12770227 12800309
12800310 12830322
12830323 12860265
12860266 12890138
12890139 12919942
12919943 12949677
12949678 12979344
12979345 13008944
13008945 13038476
13038477 13067942
13067943 13097341
13097342 13126675
13126676 13155943
13155944 13185146
13185147 13214285
13214286 13243360
13243361 13272371
13272372 13301319
13301320 13330204
13330205 13359026
13359027 13387786
13387787 13416485
13416486 13445122
13445123 13473698
13473699 13502214
13502215 13530670
13530671 13559066
13559067 13587403
13587404 13615681
13615682 13643900
13643901 13672061
13672062 13700164
13700165 13728210
13728211 13756198
13756199 13784130
13784131 13812005
13812006 13839824
13839825 13867587
13867588 13895295
13895296 13922948
13922949 13950546
13950547 13978089
13978090 14005578
14005579 14033013
14033014 14060395
14060396 14087723
14087724 14114999
14115000 14142222
14142223 14169393
14169394 14196512
14196513 14223579
14223580 14250595
14250596 14277559
14277560 14304473
14304474 14331336
14331337 14358149
14358150 14384912
14384913 14411625
14411626 14438289
14438290 14464904
14464905 14491470
14491471 14517987
14517988 14544456
14544457 14570877
14570878 14597250
14597251 14623575
14623576 14649853
14649854 14676084
14676085 14702268
14702269 14728406
14728407 14754497
14754498 14780542
14780543 14806541
14806542 14832495
14832496 14858403
14858404 14884266
14884267 14910085
14910086 14935859
14935860 14961588
14961589 14987273
14987274 15012914
15012915 15038512
15038513 15064066
15064067 15089577
15089578 15115045
15115046 15140470
15140471 15165852
15165853 15191192
15191193 15216490
15216491 15241746
15241747 15266960
15266961 15292132
15292133 15317263
15317264 15342353
15342354 15367402
15367403 15392410
15392411 15417378
15417379 15442305
15442306 15467192
15467193 15492039
15492040 15516846
15516847 15541614
15541615 15566342
15566343 15591031
15591032 15615681
15615682 15640292
15640293 15664865
15664866 15689399
15689400 15713895
15713896 15738353
15738354 15762773
15762774 15787155
15787156 15811499
15811500 15835806
15835807 15860076
15860077 15884309
15884310 15908505
15908506 15932664
15932665 15956786
15956787 15980872
15980873 16004922
16004923 16028936
16028937 16052914
16052915 16076856
16076857 16100762
16100763 16124633
16124634 16148469
16148470 16172269
16172270 16196034
16196035 16219765
16219766 16243461
16243462 16267122
16267123 16290749
16290750 16314342
16314343 16337901
16337902 16361426
16361427 16384917
16384918 16408374
16408375 16431798
16431799 16455189
16455190 16478546
16478547 16501870
16501871 16525161
16525162 16548420
16548421 16571646
16571647 16594840
16594841 16618001
16618002 16641130
16641131 16664227
16664228 16687292
16687293 16710325
16710326 16733326
16733327 16756296
16756297 16779234
16779235 16802141
16802142 16825017
16825018 16847862
16847863 16870676
16870677 16893459
16893460 16916211
16916212 16938933
16938934 16961624
16961625 16984285
16984286 17006916
17006917 17029517
17029518 17052088
17052089 17074629
17074630 17097140
17097141 17119622
17119623 17142074
17142075 17164497
17164498 17186891
17186892 17209255
17209256 17231590
17231591 17253896
17253897 17276174
17276175 17298423
17298424 17320643
17320644 17342835
17342836 17364999
17365000 17387134
17387135 17409241
17409242 17431320
17431321 17453371
17453372 17475394
17475395 17497390
17497391 17519358
17519359 17541298
17541299 17563211
17563212 17585097
17585098 17606956
17606957 17628787
17628788 17650591
17650592 17672369
17672370 17694120
17694121 17715844
17715845 17737541
17737542 17759212
17759213 17780857
17780858 17802475
17802476 17824067
17824068 17845633
17845634 17867173
17867174 17888687
17888688 17910175
17910176 17931637
17931638 17953074
17953075 17974485
17974486 17995871
17995872 18017231
18017232 18038566
18038567 18059876
18059877 18081161
18081162 18102421
18102422 18123656
18123657 18144866
18144867 18166051
18166052 18187211
18187212 18208347
18208348 18229458
18229459 18250545
18250546 18271608
18271609 18292646
18292647 18313660
18313661 18334650
18334651 18355616
18355617 18376558
18376559 18397476
18397477 18418371
18418372 18439242
18439243 18460089
18460090 18480913
18480914 18501713
18501714 18522490
18522491 18543244
18543245 18563974
18563975 18584681
18584682 18605365
18605366 18626026
18626027 18646664
18646665 18667280
18667281 18687873
18687874 18708443
18708444 18728991
18728992 18749516
18749517 18770019
18770020 18790499
18790500 18810957
18810958 18831393
18831394 18851807
18851808 18872199
18872200 18892569
18892570 18912917
18912918 18933243
18933244 18953547
18953548 18973829
18973830 18994090
18994091 19014329
19014330 19034546
19034547 19054742
19054743 19074917
19074918 19095070
19095071 19115202
19115203 19135313
19135314 19155403
19155404 19175472
19175473 19195520
19195521 19215547
19215548 19235553
19235554 19255538
19255539 19275502
19275503 19295446
19295447 19315369
19315370 19335272
19335273 19355154
19355155 19375016
19375017 19394857
19394858 19414678
19414679 19434479
19434480 19454260
19454261 19474021
19474022 19493762
19493763 19513483
19513484 19533184
19533185 19552865
19552866 19572526
19572527 19592167
19592168 19611789
19611790 19631391
19631392 19650974
19650975 19670537
19670538 19690081
19690082 19709605
19709606 19729110
19729111 19748596
19748597 19768062
19768063 19787509
19787510 19806937
19806938 19826346
19826347 19845736
19845737 19865107
19865108 19884459
19884460 19903793
19903794 19923108
19923109 19942404
19942405 19961681
19961682 19980940
19980941 20000180
20000181 20019402
20019403 20038605
20038606 20057790
20057791 20076957
20076958 20096105
20096106 20115235
20115236 20134347
20134348 20153441
20153442 20172517
20172518 20191575
20191576 20210615
20210616 20229637
20229638 20248641
20248642 20267627
20267628 20286595
20286596 20305546
20305547 20324479
20324480 20343394
20343395 20362292
20362293 20381172
20381173 20400035
20400036 20418880
20418881 20437708
20437709 20456519
20456520 20475312
20475313 20494088
20494089 20512847
20512848 20531589
20531590 20550314
20550315 20569022
20569023 20587713
20587714 20606387
20606388 20625044
20625045 20643684
20643685 20662307
20662308 20680913
20680914 20699503
20699504 20718076
20718077 20736632
20736633 20755172
20755173 20773695
20773696 20792202
20792203 20810692
20810693 20829166
20829167 20847624
20847625 20866065
20866066 20884490
20884491 20902899
20902900 20921292
20921293 20939668
20939669 20958028
20958029 20976372
20976373 20994700
20994701 21013012
21013013 21031308
21031309 21049588
21049589 21067852
21067853 21086101
21086102 21104334
21104335 21122551
21122552 21140752
21140753 21158938
21158939 21177108
21177109 21195263
21195264 21213402
21213403 21231526
21231527 21249634
21249635 21267727
21267728 21285804
21285805 21303866
21303867 21321913
21321914 21339944
21339945 21357960
21357961 21375961
21375962 21393947
21393948 21411918
21411919 21429874
21429875 21447815
21447816 21465741
21465742 21483652
21483653 21501548
21501549 21519429
21519430 21537295
21537296 21555146
21555147 21572982
21572983 21590804
21590805 21608611
21608612 21626403
21626404 21644181
21644182 21661944
21661945 21679693
21679694 21697427
21697428 21715147
21715148 21732852
21732853 21750543
21750544 21768219
21768220 21785881
21785882 21803529
21803530 21821162
21821163 21838781
21838782 21856386
21856387 21873977
21873978 21891554
21891555 21909117
21909118 21926666
21926667 21944200
21944201 21961720
21961721 21979227
21979228 21996720
21996721 22014199
22014200 22031664
22031665 22049115
22049116 22066552
22066553 22083975
22083976 22101385
22101386 22118781
22118782 22136163
22136164 22153532
22153533 22170887
22170888 22188228
22188229 22205556
22205557 22222870
22222871 22240171
22240172 22257459
22257460 22274733
22274734 22291994
22291995 22309241
22309242 22326475
22326476 22343696
22343697 22360903
22360904 22378097
22378098 22395278
22395279 22412446
22412447 22429601
22429602 22446743
22446744 22463872
22463873 22480987
22480988 22498089
22498090 22515178
22515179 22532255
22532256 22549319
22549320 22566370
22566371 22583408
22583409 22600433
22600434 22617445
22617446 22634444
22634445 22651431
22651432 22668405
22668406 22685366
22685367 22702315
22702316 22719251
22719252 22736174
22736175 22753085
22753086 22769983
22769984 22786869
22786870 22803742
22803743 22820603
22820604 22837451
22837452 22854287
22854288 22871110
22871111 22887921
22887922 22904720
22904721 22921506
22921507 22938280
22938281 22955042
22955043 22971792
22971793 22988529
22988530 23005254
23005255 23021967
23021968 23038668
23038669 23055357
23055358 23072034
23072035 23088699
23088700 23105352
23105353 23121993
23121994 23138622
23138623 23155239
23155240 23171844
23171845 23188437
23188438 23205018
23205019 23221587
23221588 23238144
23238145 23254690
23254691 23271224
23271225 23287746
23287747 23304256
23304257 23320755
23320756 23337242
23337243 23353717
23353718 23370181
23370182 23386633
23386634 23403074
23403075 23419503
23419504 23435921
23435922 23452327
23452328 23468722
23468723 23485105
23485106 23501477
23501478 23517837
23517838 23534186
23534187 23550524
23550525 23566850
23566851 23583165
23583166 23599469
23599470 23615762
23615763 23632043
23632044 23648313
23648314 23664572
23664573 23680820
23680821 23697057
23697058 23713282
23713283 23729496
23729497 23745699
23745700 23761891
23761892 23778072
23778073 23794242
23794243 23810401
23810402 23826549
23826550 23842686
23842687 23858812
23858813 23874928
23874929 23891033
23891034 23907127
23907128 23923210
23923211 23939282
23939283 23955343
23955344 23971394
23971395 23987434
23987435 24003463
24003464 24019481
24019482 24035489
24035490 24051486
24051487 24067473
24067474 24083449
24083450 24099414
24099415 24115369
24115370 24131313
24131314 24147247
24147248 24163170
24163171 24179083
24179084 24194985
24194986 24210877
24210878 24226758
24226759 24242629
24242630 24258490
24258491 24274340
24274341 24290180
24290181 24306010
24306011 24321829
24321830 24337638
24337639 24353437
24353438 24369225
24369226 24385003
24385004 24400771
24400772 24416529
24416530 24432277
24432278 24448015
24448016 24463742
24463743 24479459
24479460 24495166
24495167 24510863
24510864 24526550
24526551 24542227
24542228 24557894
24557895 24573551
24573552 24589198
24589199 24604835
24604836 24620462
24620463 24636079
24636080 24651686
24651687 24667284
24667285 24682872
24682873 24698450
24698451 24714018
24714019 24729576
24729577 24745124
24745125 24760663
24760664 24776192
24776193 24791711
24791712 24807221
24807222 24822721
24822722 24838211
24838212 24853692
24853693 24869163
24869164 24884624
24884625 24900076
24900077 24915518
24915519 24930951
24930952 24946374
24946375 24961787
24961788 24977191
24977192 24992585
24992586 25007970
25007971 25023345
25023346 25038711
25038712 25054068
25054069 25069415
25069416 25084753
25084754 25100081
25100082 25115400
25115401 25130710
25130711 25146010
25146011 25161301
25161302 25176583
25176584 25191856
25191857 25207119
25207120 25222373
25222374 25237618
25237619 25252854
25252855 25268080
25268081 25283297
25283298 25298505
25298506 25313704
25313705 25328894
25328895 25344075
25344076 25359247
25359248 25374410
25374411 25389564
25389565 25404709
25404710 25419845
25419846 25434972
25434973 25450090
25450091 25465199
25465200 25480299
25480300 25495390
25495391 25510472
25510473 25525545
25525546 25540609
25540610 25555664
25555665 25570710
25570711 25585747
25585748 25600775
25600776 25615795
25615796 25630806
25630807 25645808
25645809 25660801
25660802 25675786
25675787 25690762
25690763 25705729
25705730 25720687
25720688 25735637
25735638 25750578
25750579 25765510
25765511 25780434
25780435 25795349
25795350 25810255
25810256 25825153
25825154 25840042
25840043 25854923
25854924 25869795
25869796 25884659
25884660 25899514
25899515 25914361
25914362 25929199
25929200 25944029
25944030 25958850
25958851 25973663
25973664 25988467
25988468 26003263
26003264 26018050
26018051 26032829
26032830 26047600
26047601 26062362
26062363 26077116
26077117 26091861
26091862 26106598
26106599 26121327
26121328 26136048
26136049 26150760
26150761 26165464
26165465 26180160
26180161 26194847
26194848 26209526
26209527 26224197
26224198 26238860
26238861 26253515
26253516 26268161
26268162 26282799
26282800 26297429
26297430 26312051
26312052 26326665
26326666 26341271
26341272 26355869
26355870 26370459
26370460 26385041
26385042 26399614
26399615 26414179
26414180 26428736
26428737 26443285
26443286 26457826
26457827 26472359
26472360 26486884
26486885 26501401
26501402 26515911
26515912 26530413
26530414 26544907
26544908 26559393
26559394 26573871
26573872 26588341
26588342 26602803
26602804 26617257
26617258 26631703
26631704 26646142
26646143 26660573
26660574 26674996
26674997 26689411
26689412 26703818
26703819 26718218
26718219 26732610
26732611 26746994
26746995 26761370
26761371 26775739
26775740 26790100
26790101 26804453
26804454 26818799
26818800 26833137
26833138 26847467
26847468 26861790
26861791 26876105
26876106 26890412
26890413 26904712
26904713 26919004
26919005 26933289
26933290 26947566
26947567 26961835
26961836 26976097
26976098 26990351
26990352 27004598
27004599 27018837
27018838 27033069
27033070 27047293
27047294 27061510
27061511 27075719
27075720 27089921
27089922 27104116
27104117 27118303
27118304 27132483
27132484 27146655
27146656 27160820
27160821 27174977
27174978 27189127
27189128 27203270
27203271 27217405
27217406 27231533
27231534 27245654
27245655 27259767
27259768 27273873
27273874 27287972
27287973 27302064
27302065 27316148
27316149 27330225
27330226 27344295
27344296 27358358
27358359 27372413
27372414 27386461
27386462 27400502
27400503 27414536
27414537 27428563
27428564 27442582
27442583 27456594
27456595 27470599
27470600 27484597
27484598 27498588
27498589 27512572
27512573 27526549
27526550 27540518
27540519 27554480
27554481 27568435
27568436 27582383
27582384 27596324
27596325 27610258
27610259 27624185
27624186 27638105
27638106 27652018
27652019 27665924
27665925 27679823
27679824 27693715
27693716 27707600
27707601 27721478
27721479 27735349
27735350 27749213
27749214 27763070
27763071 27776921
27776922 27790765
27790766 27804602
27804603 27818432
27818433 27832255
27832256 27846071
27846072 27859880
27859881 27873682
27873683 27887478
27887479 27901267
27901268 27915049
27915050 27928824
27928825 27942592
27942593 27956354
27956355 27970109
27970110 27983857
27983858 27997598
27997599 28011333
28011334 28025061
28025062 28038782
28038783 28052496
28052497 28066204
28066205 28079905
28079906 28093599
28093600 28107287
28107288 28120968
28120969 28134642
28134643 28148310
28148311 28161971
28161972 28175625
28175626 28189273
28189274 28202914
28202915 28216549
28216550 28230177
28230178 28243798
28243799 28257413
28257414 28271021
28271022 28284623
28284624 28298218
28298219 28311807
28311808 28325389
28325390 28338965
28338966 28352534
28352535 28366097
28366098 28379653
28379654 28393203
28393204 28406746
28406747 28420283
28420284 28433813
28433814 28447337
28447338 28460855
28460856 28474366
28474367 28487871
28487872 28501369
28501370 28514861
28514862 28528347
28528348 28541826
28541827 28555299
28555300 28568765
28568766 28582225
28582226 28595679
28595680 28609126
28609127 28622567
28622568 28636002
28636003 28649431
28649432 28662853
28662854 28676269
28676270 28689679
28689680 28703082
28703083 28716479
28716480 28729870
28729871 28743255
28743256 28756633
28756634 28770005
28770006 28783371
28783372 28796731
28796732 28810085
28810086 28823432
28823433 28836773
28836774 28850108
28850109 28863437
28863438 28876760
28876761 28890077
28890078 28903387
28903388 28916691
28916692 28929989
28929990 28943281
28943282 28956567
28956568 28969847
28969848 28983121
28983122 28996389
28996390 29009651
29009652 29022907
29022908 29036157
29036158 29049401
29049402 29062639
29062640 29075871
29075872 29089096
29089097 29102315
29102316 29115528
29115529 29128735
29128736 29141936
29141937 29155132
29155133 29168322
29168323 29181506
29181507 29194684
29194685 29207856
29207857 29221022
29221023 29234182
29234183 29247336
29247337 29260484
29260485 29273626
29273627 29286762
29286763 29299892
29299893 29313016
29313017 29326135
29326136 29339248
29339249 29352355
29352356 29365456
29365457 29378551
29378552 29391640
29391641 29404723
29404724 29417801
29417802 29430873
29430874 29443939
29443940 29456999
29457000 29470053
29470054 29483102
29483103 29496145
29496146 29509182
29509183 29522213
29522214 29535239
29535240 29548259
29548260 29561273
29561274 29574281
29574282 29587284
29587285 29600281
29600282 29613272
29613273 29626258
29626259 29639238
29639239 29652212
29652213 29665181
29665182 29678144
29678145 29691101
29691102 29704053
29704054 29716999
29717000 29729939
29729940 29742874
29742875 29755803
29755804 29768726
29768727 29781644
29781645 29794556
29794557 29807463
29807464 29820364
29820365 29833259
29833260 29846149
29846150 29859033
29859034 29871912
29871913 29884785
29884786 29897653
29897654 29910515
29910516 29923372
29923373 29936223
29936224 29949069
29949070 29961909
29961910 29974744
29974745 29987573
29987574 30000397
30000398 30013215
30013216 30026028
30026029 30038835
30038836 30051637
30051638 30064433
30064434 30077224
30077225 30090009
30090010 30102789
30102790 30115564
30115565 30128333
30128334 30141097
30141098 30153855
30153856 30166608
30166609 30179356
30179357 30192098
30192099 30204835
30204836 30217566
30217567 30230292
30230293 30243013
30243014 30255728
30255729 30268438
30268439 30281143
30281144 30293842
30293843 30306536
30306537 30319225
30319226 30331908
30331909 30344586
30344587 30357259
30357260 30369926
30369927 30382588
30382589 30395245
30395246 30407897
30407898 30420543
30420544 30433184
30433185 30445820
30445821 30458451
30458452 30471076
30471077 30483696
30483697 30496311
30496312 30508921
30508922 30521526
30521527 30534125
30534126 30546719
30546720 30559308
30559309 30571892
30571893 30584471
30584472 30597044
30597045 30609612
30609613 30622175
30622176 30634733
30634734 30647286
30647287 30659834
30659835 30672377
30672378 30684914
30684915 30697446
30697447 30709973
30709974 30722495
30722496 30735012
30735013 30747524
30747525 30760031
30760032 30772533
30772534 30785030
30785031 30797522
30797523 30810008
30810009 30822489
30822490 30834965
30834966 30847436
30847437 30859902
30859903 30872363
30872364 30884819
30884820 30897270
30897271 30909716
30909717 30922157
30922158 30934593
30934594 30947024
30947025 30959450
30959451 30971871
30971872 30984287
30984288 30996698
30996699 31009104
31009105 31021505
31021506 31033901
31033902 31046292
31046293 31058678
31058679 31071060
31071061 31083437
31083438 31095809
31095810 31108176
31108177 31120538
31120539 31132895
31132896 31145247
31145248 31157594
31157595 31169936
31169937 31182273
31182274 31194605
31194606 31206933
31206934 31219256
31219257 31231574
31231575 31243887
31243888 31256195
31256196 31268498
31268499 31280796
31280797 31293090
31293091 31305379
31305380 31317663
31317664 31329942
31329943 31342216
31342217 31354486
31354487 31366751
31366752 31379011
31379012 31391266
31391267 31403516
31403517 31415762
31415763 31428003
31428004 31440239
31440240 31452470
31452471 31464697
31464698 31476919
31476920 31489136
31489137 31501348
31501349 31513556
31513557 31525759
31525760 31537957
31537958 31550150
31550151 31562339
31562340 31574523
31574524 31586702
31586703 31598877
31598878 31611047
31611048 31623212
31623213 31635373
31635374 31647529
31647530 31659680
31659681 31671827
31671828 31683969
31683970 31696106
31696107 31708239
31708240 31720367
31720368 31732490
31732491 31744609
31744610 31756723
31756724 31768832
31768833 31780937
31780938 31793037
31793038 31805133
31805134 31817224
31817225 31829310
31829311 31841392
31841393 31853469
31853470 31865542
31865543 31877610
31877611 31889674
31889675 31901733
31901734 31913787
31913788 31925837
31925838 31937882
31937883 31949923
31949924 31961959
31961960 31973991
31973992 31986018
31986019 31998041
31998042 32010059
32010060 32022073
32022074 32034082
32034083 32046087
32046088 32058087
32058088 32070083
32070084 32082074
32082075 32094061
32094062 32106043
32106044 32118021
32118022 32129994
32129995 32141963
32141964 32153927
32153928 32165887
32165888 32177843
32177844 32189794
32189795 32201741
32201742 32213683
32213684 32225621
32225622 32237554
32237555 32249483
32249484 32261408
32261409 32273328
32273329 32285244
32285245 32297155
32297156 32309062
32309063 32320965
32320966 32332863
32332864 32344757
32344758 32356646
32356647 32368531
32368532 32380412
32380413 32392288
32392289 32404160
32404161 32416028
32416029 32427891
32427892 32439750
32439751 32451605
32451606 32463455
32463456 32475301
32475302 32487143
32487144 32498980
32498981 32510813
32510814 32522642
32522643 32534466
32534467 32546286
32546287 32558102
32558103 32569914
32569915 32581721
32581722 32593524
32593525 32605323
32605324 32617117
32617118 32628907
32628908 32640693
32640694 32652475
32652476 32664252
32664253 32676025
32676026 32687794
32687795 32699559
32699560 32711319
32711320 32723075
32723076 32734827
32734828 32746575
32746576 32758319
32758320 32770058
32770059 32781793
32781794 32793524
32793525 32805251
32805252 32816974
32816975 32828692
32828693 32840406
32840407 32852116
32852117 32863822
32863823 32875524
32875525 32887222
32887223 32898915
32898916 32910604
32910605 32922289
32922290 32933970
32933971 32945647
32945648 32957320
32957321 32968989
32968990 32980653
32980654 32992313
32992314 33003969
33003970 33015621
33015622 33027269
33027270 33038913
33038914 33050553
33050554 33062189
33062190 33073821
33073822 33085448
33085449 33097071
33097072 33108690
33108691 33120305
33120306 33131916
33131917 33143523
33143524 33155126
33155127 33166725
33166726 33178320
33178321 33189911
33189912 33201498
33201499 33213081
33213082 33224660
33224661 33236235
33236236 33247806
33247807 33259373
33259374 33270936
33270937 33282495
33282496 33294050
33294051 33305601
33305602 33317148
33317149 33328691
33328692 33340230
33340231 33351765
33351766 33363296
33363297 33374823
33374824 33386346
33386347 33397865
33397866 33409380
33409381 33420891
33420892 33432398
33432399 33443901
33443902 33455400
33455401 33466895
33466896 33478386
33478387 33489873
33489874 33501356
33501357 33512835
33512836 33524310
33524311 33535781
33535782 33547248
33547249 33558711
33558712 33570171
33570172 33581627
33581628 33593079
33593080 33604527
33604528 33615971
33615972 33627411
33627412 33638847
33638848 33650279
33650280 33661707
33661708 33673131
33673132 33684552
33684553 33695969
33695970 33707382
33707383 33718791
33718792 33730196
33730197 33741597
33741598 33752994
33752995 33764388
33764389 33775778
33775779 33787164
33787165 33798546
33798547 33809924
33809925 33821298
33821299 33832669
33832670 33844036
33844037 33855399
33855400 33866758
33866759 33878113
33878114 33889465
33889466 33900813
33900814 33912157
33912158 33923497
33923498 33934833
33934834 33946166
33946167 33957495
33957496 33968820
33968821 33980141
33980142 33991458
33991459 34002772
34002773 34014082
34014083 34025388
34025389 34036690
34036691 34047989
34047990 34059284
34059285 34070575
34070576 34081862
34081863 34093146
34093147 34104426
34104427 34115702
34115703 34126974
34126975 34138243
34138244 34149508
34149509 34160769
34160770 34172027
34172028 34183281
34183282 34194531
34194532 34205778
34205779 34217021
34217022 34228260
34228261 34239495
34239496 34250727
34250728 34261955
34261956 34273179
34273180 34284400
34284401 34295617
34295618 34306830
34306831 34318040
34318041 34329246
34329247 34340448
34340449 34351647
34351648 34362842
34362843 34374033
34374034 34385221
34385222 34396405
34396406 34407586
34407587 34418763
34418764 34429936
34429937 34441106
34441107 34452272
34452273 34463434
34463435 34474593
34474594 34485748
34485749 34496900
34496901 34508048
34508049 34519192
34519193 34530333
34530334 34541470
34541471 34552604
34552605 34563734
34563735 34574860
34574861 34585983
34585984 34597102
34597103 34608218
34608219 34619330
34619331 34630439
34630440 34641544
34641545 34652645
34652646 34663743
34663744 34674837
34674838 34685928
34685929 34697015
34697016 34708099
34708100 34719179
34719180 34730256
34730257 34741329
34741330 34752399
34752400 34763465
34763466 34774528
34774529 34785587
34785588 34796642
34796643 34807694
34807695 34818742
34818743 34829787
34829788 34840828
34840829 34851866
34851867 34862900
34862901 34873931
34873932 34884958
34884959 34895982
34895983 34907003
34907004 34918020
34918021 34929034
34929035 34940044
34940045 34951051
34951052 34962054
34962055 34973054
34973055 34984050
34984051 34995043
34995044 35006032
35006033 35017018
35017019 35028000
35028001 35038979
35038980 35049955
35049956 35060927
35060928 35071896
35071897 35082861
35082862 35093823
35093824 35104781
35104782 35115736
35115737 35126688
35126689 35137636
35137637 35148581
35148582 35159522
35159523 35170460
35170461 35181395
35181396 35192326
35192327 35203254
35203255 35214178
35214179 35225099
35225100 35236017
35236018 35246931
35246932 35257842
35257843 35268749
35268750 35279653
35279654 35290554
35290555 35301451
35301452 35312345
35312346 35323236
35323237 35334123
35334124 35345007
35345008 35355888
35355889 35366765
35366766 35377639
35377640 35388510
35388511 35399377
35399378 35410241
35410242 35421102
35421103 35431959
35431960 35442813
35442814 35453664
35453665 35464511
35464512 35475355
35475356 35486196
35486197 35497033
35497034 35507867
35507868 35518698
35518699 35529525
35529526 35540349
35540350 35551170
35551171 35561987
35561988 35572801
35572802 35583612
35583613 35594420
35594421 35605224
35605225 35616025
35616026 35626823
35626824 35637618
35637619 35648409
35648410 35659197
35659198 35669982
35669983 35680763
35680764 35691541
35691542 35702316
35702317 35713088
35713089 35723856
35723857 35734621
35734622 35745383
35745384 35756142
35756143 35766898
35766899 35777650
35777651 35788399
35788400 35799145
35799146 35809888
35809889 35820627
35820628 35831363
35831364 35842096
35842097 35852826
35852827 35863553
35863554 35874276
35874277 35884996
35884997 35895713
35895714 35906427
35906428 35917138
35917139 35927845
35927846 35938549
35938550 35949250
35949251 35959948
35959949 35970643
35970644 35981334
35981335 35992022
35992023 36002707
36002708 36013389
36013390 36024068
36024069 36034744
36034745 36045416
36045417 36056085
36056086 36066751
36066752 36077414
36077415 36088074
36088075 36098731
36098732 36109384
36109385 36120034
36120035 36130681
36130682 36141325
36141326 36151966
36151967 36162604
36162605 36173239
36173240 36183871
36183872 36194499
36194500 36205124
36205125 36215746
36215747 36226365
36226366 36236981
36236982 36247594
36247595 36258204
36258205 36268811
36268812 36279415
36279416 36290015
36290016 36300612
36300613 36311206
36311207 36321797
36321798 36332385
36332386 36342970
36342971 36353552
36353553 36364131
36364132 36374707
36374708 36385280
36385281 36395850
36395851 36406417
36406418 36416980
36416981 36427540
36427541 36438097
36438098 36448651
36448652 36459202
36459203 36469750
36469751 36480295
36480296 36490837
36490838 36501376
36501377 36511912
36511913 36522445
36522446 36532975
36532976 36543502
36543503 36554026
36554027 36564547
36564548 36575065
36575066 36585580
36585581 36596092
36596093 36606601
36606602 36617107
36617108 36627610
36627611 36638110
36638111 36648607
36648608 36659101
36659102 36669592
36669593 36680080
36680081 36690565
36690566 36701047
36701048 36711526
36711527 36722002
36722003 36732475
36732476 36742945
36742946 36753412
36753413 36763876
36763877 36774337
36774338 36784795
36784796 36795250
36795251 36805702
36805703 36816151
36816152 36826597
36826598 36837040
36837041 36847480
36847481 36857917
36857918 36868351
36868352 36878782
36878783 36889210
36889211 36899635
36899636 36910057
36910058 36920476
36920477 36930892
36930893 36941305
36941306 36951716
36951717 36962124
36962125 36972529
36972530 36982931
36982932 36993330
36993331 37003726
37003727 37014119
37014120 37024509
37024510 37034896
37034897 37045280
37045281 37055661
37055662 37066039
37066040 37076415
37076416 37086788
37086789 37097158
37097159 37107525
37107526 37117889
37117890 37128250
37128251 37138608
37138609 37148963
37148964 37159315
37159316 37169665
37169666 37180012
37180013 37190356
37190357 37200697
37200698 37211035
37211036 37221370
37221371 37231702
37231703 37242031
37242032 37252358
37252359 37262682
37262683 37273003
37273004 37283321
37283322 37293636
37293637 37303948
37303949 37314257
37314258 37324564
37324565 37334868
37334869 37345169
37345170 37355467
37355468 37365762
37365763 37376054
37376055 37386344
37386345 37396631
37396632 37406915
37406916 37417196
37417197 37427474
37427475 37437749
37437750 37448022
37448023 37458292
37458293 37468559
37468560 37478823
37478824 37489084
37489085 37499342
37499343 37509598
37509599 37519851
37519852 37530101
37530102 37540348
37540349 37550592
37550593 37560834
37560835 37571073
37571074 37581309
37581310 37591542
37591543 37601773
37601774 37612001
37612002 37622226
37622227 37632448
37632449 37642667
37642668 37652884
37652885 37663098
37663099 37673309
37673310 37683517
37683518 37693723
37693724 37703926
37703927 37714126
37714127 37724323
37724324 37734518
37734519 37744710
37744711 37754899
37754900 37765085
37765086 37775269
37775270 37785450
37785451 37795628
37795629 37805803
37805804 37815976
37815977 37826146
37826147 37836313
37836314 37846477
37846478 37856639
37856640 37866798
37866799 37876954
37876955 37887107
37887108 37897258
37897259 37907406
37907407 37917551
37917552 37927694
37927695 37937834
37937835 37947971
37947972 37958105
37958106 37968237
37968238 37978366
37978367 37988492
37988493 37998616
37998617 38008737
38008738 38018855
38018856 38028971
38028972 38039084
38039085 38049194
38049195 38059302
38059303 38069407
38069408 38079509
38079510 38089608
38089609 38099705
38099706 38109799
38109800 38119890
38119891 38129979
38129980 38140065
38140066 38150148
38150149 38160229
38160230 38170307
38170308 38180382
38180383 38190455
38190456 38200525
38200526 38210593
38210594 38220658
38220659 38230720
38230721 38240780
38240781 38250837
38250838 38260891
38260892 38270943
38270944 38280992
38280993 38291038
38291039 38301082
38301083 38311123
38311124 38321161
38321162 38331197
38331198 38341230
38341231 38351261
38351262 38361289
38361290 38371314
38371315 38381337
38381338 38391357
38391358 38401374
38401375 38411389
38411390 38421401
38421402 38431411
38431412 38441418
38441419 38451422
38451423 38461424
38461425 38471423
38471424 38481420
38481421 38491414
38491415 38501405
38501406 38511394
38511395 38521380
38521381 38531364
38531365 38541345
38541346 38551324
38551325 38561300
38561301 38571273
38571274 38581244
38581245 38591212
38591213 38601178
38601179 38611141
38611142 38621101
38621102 38631059
38631060 38641014
38641015 38650967
38650968 38660917
38660918 38670865
38670866 38680810
38680811 38690753
38690754 38700693
38700694 38710630
38710631 38720565
38720566 38730497
38730498 38740427
38740428 38750354
38750355 38760279
38760280 38770201
38770202 38780121
38780122 38790038
38790039 38799953
38799954 38809865
38809866 38819774
38819775 38829681
38829682 38839585
38839586 38849487
38849488 38859386
38859387 38869283
38869284 38879177
38879178 38889069
38889070 38898958
38898959 38908845
38908846 38918729
38918730 38928611
38928612 38938490
38938491 38948367
38948368 38958241
38958242 38968113
38968114 38977982
38977983 38987849
38987850 38997713
38997714 39007575
39007576 39017434
39017435 39027291
39027292 39037145
39037146 39046997
39046998 39056846
39056847 39066693
39066694 39076537
39076538 39086379
39086380 39096218
39096219 39106055
39106056 39115889
39115890 39125721
39125722 39135551
39135552 39145378
39145379 39155203
39155204 39165025
39165026 39174845
39174846 39184662
39184663 39194477
39194478 39204289
39204290 39214099
39214100 39223906
39223907 39233711
39233712 39243513
39243514 39253313
39253314 39263111
39263112 39272906
39272907 39282699
39282700 39292489
39292490 39302277
39302278 39312062
39312063 39321845
39321846 39331625
39331626 39341403
39341404 39351179
39351180 39360952
39360953 39370723
39370724 39380491
39380492 39390257
39390258 39400021
39400022 39409782
39409783 39419541
39419542 39429297
39429298 39439051
39439052 39448802
39448803 39458551
39458552 39468298
39468299 39478042
39478043 39487784
39487785 39497523
39497524 39507260
39507261 39516995
39516996 39526727
39526728 39536457
39536458 39546184
39546185 39555909
39555910 39565632
39565633 39575352
39575353 39585070
39585071 39594785
39594786 39604498
39604499 39614209
39614210 39623917
39623918 39633623
39633624 39643327
39643328 39653028
39653029 39662727
39662728 39672423
39672424 39682117
39682118 39691809
39691810 39701498
39701499 39711185
39711186 39720870
39720871 39730552
39730553 39740232
39740233 39749910
39749911 39759585
39759586 39769258
39769259 39778928
39778929 39788596
39788597 39798262
39798263 39807925
39807926 39817586
39817587 39827245
39827246 39836901
39836902 39846555
39846556 39856207
39856208 39865856
39865857 39875503
39875504 39885148
39885149 39894790
39894791 39904430
39904431 39914068
39914069 39923703
39923704 39933336
39933337 39942967
39942968 39952595
39952596 39962221
39962222 39971845
39971846 39981466
39981467 39991085
39991086 40000702
40000703 40010317
40010318 40019929
40019930 40029539
40029540 40039147
40039148 40048752
40048753 40058355
40058356 40067956
40067957 40077554
40077555 40087150
40087151 40096744
40096745 40106336
40106337 40115925
40115926 40125512
40125513 40135097
40135098 40144679
40144680 40154259
40154260 40163837
40163838 40173413
40173414 40182986
40182987 40192557
40192558 40202126
40202127 40211692
40211693 40221256
40221257 40230818
40230819 40240378
40240379 40249935
40249936 40259490
40259491 40269043
40269044 40278594
40278595 40288142
40288143 40297688
40297689 40307232
40307233 40316773
40316774 40326312
40326313 40335849
40335850 40345384
40345385 40354916
40354917 40364446
40364447 40373974
40373975 40383500
40383501 40393023
40393024 40402544
40402545 40412063
40412064 40421580
40421581 40431094
40431095 40440606
40440607 40450116
40450117 40459624
40459625 40469130
40469131 40478633
40478634 40488134
40488135 40497633
40497634 40507130
40507131 40516624
40516625 40526116
40526117 40535606
40535607 40545094
40545095 40554580
40554581 40564063
40564064 40573544
40573545 40583023
40583024 40592500
40592501 40601974
40601975 40611446
40611447 40620916
40620917 40630384
40630385 40639850
40639851 40649313
40649314 40658774
40658775 40668233
40668234 40677690
40677691 40687145
40687146 40696597
40696598 40706047
40706048 40715495
40715496 40724941
40724942 40734385
40734386 40743826
40743827 40753265
40753266 40762702
40762703 40772137
40772138 40781570
40781571 40791001
40791002 40800429
40800430 40809855
40809856 40819279
40819280 40828701
40828702 40838121
40838122 40847538
40847539 40856953
40856954 40866366
40866367 40875777
40875778 40885186
40885187 40894593
40894594 40903997
40903998 40913399
40913400 40922799
40922800 40932197
40932198 40941593
40941594 40950987
40950988 40960379
40960380 40969768
40969769 40979155
40979156 40988540
40988541 40997923
40997924 41007304
41007305 41016683
41016684 41026059
41026060 41035433
41035434 41044805
41044806 41054175
41054176 41063543
41063544 41072909
41072910 41082273
41082274 41091635
41091636 41100994
41100995 41110351
41110352 41119706
41119707 41129059
41129060 41138410
41138411 41147759
41147760 41157106
41157107 41166450
41166451 41175792
41175793 41185132
41185133 41194470
41194471 41203806
41203807 41213140
41213141 41222472
41222473 41231802
41231803 41241130
41241131 41250455
41250456 41259778
41259779 41269099
41269100 41278418
41278419 41287735
41287736 41297050
41297051 41306363
41306364 41315674
41315675 41324983
41324984 41334290
41334291 41343594
41343595 41352896
41352897 41362196
41362197 41371494
41371495 41380790
41380791 41390084
41390085 41399376
41399377 41408666
41408667 41417954
41417955 41427240
41427241 41436524
41436525 41445805
41445806 41455084
41455085 41464361
41464362 41473636
41473637 41482909
41482910 41492180
41492181 41501449
41501450 41510716
41510717 41519981
41519982 41529244
41529245 41538505
41538506 41547764
41547765 41557021
41557022 41566276
41566277 41575529
41575530 41584779
41584780 41594027
41594028 41603273
41603274 41612517
41612518 41621759
41621760 41630999
41631000 41640237
41640238 41649473
41649474 41658707
41658708 41667939
41667940 41677169
41677170 41686397
41686398 41695623
41695624 41704847
41704848 41714069
41714070 41723289
41723290 41732507
41732508 41741723
41741724 41750937
41750938 41760149
41760150 41769359
41769360 41778567
41778568 41787773
41787774 41796977
41796978 41806178
41806179 41815377
41815378 41824574
41824575 41833769
41833770 41842962
41842963 41852153
41852154 41861342
41861343 41870529
41870530 41879714
41879715 41888897
41888898 41898078
41898079 41907257
41907258 41916434
41916435 41925609
41925610 41934782
41934783 41943953
41943954 41953122
41953123 41962289
41962290 41971454
41971455 41980617
41980618 41989778
41989779 41998937
41998938 42008094
42008095 42017249
42017250 42026402
42026403 42035553
42035554 42044702
42044703 42053849
42053850 42062994
42062995 42072137
42072138 42081278
42081279 42090417
42090418 42099554
42099555 42108689
42108690 42117822
42117823 42126953
42126954 42136082
42136083 42145209
42145210 42154334
42154335 42163457
42163458 42172579
42172580 42181699
42181700 42190817
42190818 42199933
42199934 42209047
42209048 42218159
42218160 42227269
42227270 42236377
42236378 42245483
42245484 42254587
42254588 42263689
42263690 42272789
42272790 42281887
42281888 42290983
42290984 42300077
42300078 42309169
42309170 42318259
42318260 42327347
42327348 42336433
42336434 42345517
42345518 42354599
42354600 42363679
42363680 42372757
42372758 42381833
42381834 42390908
42390909 42399981
42399982 42409052
42409053 42418121
42418122 42427188
42427189 42436253
42436254 42445316
42445317 42454377
42454378 42463436
42463437 42472493
42472494 42481548
42481549 42490601
42490602 42499652
42499653 42508701
42508702 42517748
42517749 42526794
42526795 42535838
42535839 42544880
42544881 42553920
42553921 42562958
42562959 42571994
42571995 42581028
42581029 42590060
42590061 42599090
42599091 42608118
42608119 42617144
42617145 42626168
42626169 42635191
42635192 42644212
42644213 42653231
42653232 42662248
42662249 42671263
42671264 42680276
42680277 42689287
42689288 42698296
42698297 42707303
42707304 42716308
42716309 42725311
42725312 42734313
42734314 42743313
42743314 42752311
42752312 42761307
42761308 42770301
42770302 42779293
42779294 42788283
42788284 42797271
42797272 42806257
42806258 42815242
42815243 42824225
42824226 42833206
42833207 42842185
42842186 42851162
42851163 42860137
42860138 42869110
42869111 42878081
42878082 42887051
42887052 42896019
42896020 42904985
42904986 42913949
42913950 42922911
42922912 42931871
42931872 42940829
42940830 42949785
42949786 42958740
42958741 42967693
42967694 42976644
42976645 42985593
42985594 42994540
42994541 43003485
43003486 43012428
43012429 43021370
43021371 43030310
43030311 43039248
43039249 43048184
43048185 43057118
43057119 43066050
43066051 43074980
43074981 43083909
43083910 43092836
43092837 43101761
43101762 43110684
43110685 43119605
43119606 43128524
43128525 43137441
43137442 43146357
43146358 43155271
43155272 43164183
43164184 43173093
43173094 43182001
43182002 43190907
43190908 43199812
43199813 43208715
43208716 43217616
43217617 43226515
43226516 43235412
43235413 43244307
43244308 43253201
43253202 43262093
43262094 43270983
43270984 43279871
43279872 43288757
43288758 43297641
43297642 43306524
43306525 43315405
43315406 43324284
43324285 43333161
43333162 43342036
43342037 43350910
43350911 43359782
43359783 43368652
43368653 43377520
43377521 43386386
43386387 43395250
43395251 43404113
43404114 43412974
43412975 43421833
43421834 43430690
43430691 43439545
43439546 43448399
43448400 43457251
43457252 43466101
43466102 43474949
43474950 43483795
43483796 43492640
43492641 43501483
43501484 43510324
43510325 43519163
43519164 43528000
43528001 43536836
43536837 43545670
43545671 43554502
43554503 43563332
43563333 43572160
43572161 43580987
43580988 43589812
43589813 43598635
43598636 43607456
43607457 43616276
43616277 43625094
43625095 43633910
43633911 43642724
43642725 43651536
43651537 43660347
43660348 43669156
43669157 43677963
43677964 43686768
43686769 43695572
43695573 43704374
43704375 43713174
43713175 43721972
43721973 43730768
43730769 43739563
43739564 43748356
43748357 43757147
43757148 43765936
43765937 43774724
43774725 43783510
43783511 43792294
43792295 43801076
43801077 43809857
43809858 43818636
43818637 43827413
43827414 43836188
43836189 43844962
43844963 43853734
43853735 43862504
43862505 43871272
43871273 43880039
43880040 43888804
43888805 43897567
43897568 43906328
43906329 43915088
43915089 43923846
43923847 43932602
43932603 43941356
43941357 43950109
43950110 43958860
43958861 43967609
43967610 43976356
43976357 43985102
43985103 43993846
43993847 44002588
44002589 44011328
44011329 44020067
44020068 44028804
44028805 44037539
44037540 44046272
44046273 44055004
44055005 44063734
44063735 44072462
44072463 44081189
44081190 44089914
44089915 44098637
44098638 44107358
44107359 44116078
44116079 44124796
44124797 44133512
44133513 44142226
44142227 44150939
44150940 44159650
44159651 44168359
44168360 44177067
44177068 44185773
44185774 44194477
44194478 44203179
44203180 44211880
44211881 44220579
44220580 44229276
44229277 44237972
44237973 44246666
44246667 44255358
44255359 44264048
44264049 44272737
44272738 44281424
44281425 44290109
44290110 44298793
44298794 44307475
44307476 44316155
44316156 44324834
44324835 44333511
44333512 44342186
44342187 44350859
44350860 44359531
44359532 44368201
44368202 44376869
44376870 44385536
44385537 44394201
44394202 44402864
44402865 44411526
44411527 44420186
44420187 44428844
44428845 44437501
44437502 44446156
44446157 44454809
44454810 44463460
44463461 44472110
44472111 44480758
44480759 44489404
44489405 44498049
44498050 44506692
44506693 44515333
44515334 44523973
44523974 44532611
44532612 44541247
44541248 44549882
44549883 44558515
44558516 44567146
44567147 44575776
44575777 44584404
44584405 44593030
44593031 44601655
44601656 44610278
44610279 44618899
44618900 44627519
44627520 44636137
44636138 44644753
44644754 44653368
44653369 44661981
44661982 44670592
44670593 44679202
44679203 44687810
44687811 44696416
44696417 44705021
44705022 44713624
44713625 44722225
44722226 44730825
44730826 44739423
44739424 44748019
44748020 44756614
44756615 44765207
44765208 44773799
44773800 44782389
44782390 44790977
44790978 44799564
44799565 44808149
44808150 44816732
44816733 44825314
44825315 44833894
44833895 44842472
44842473 44851049
44851050 44859624
44859625 44868197
44868198 44876769
44876770 44885339
44885340 44893908
44893909 44902475
44902476 44911040
44911041 44919604
44919605 44928166
44928167 44936726
44936727 44945285
44945286 44953842
44953843 44962397
44962398 44970951
44970952 44979503
44979504 44988054
44988055 44996603
44996604 45005150
45005151 45013696
45013697 45022240
45022241 45030782
45030783 45039323
45039324 45047862
45047863 45056400
45056401 45064936
45064937 45073470
45073471 45082003
45082004 45090534
45090535 45099064
45099065 45107592
45107593 45116118
45116119 45124643
45124644 45133166
45133167 45141687
45141688 45150207
45150208 45158725
45158726 45167242
45167243 45175757
45175758 45184270
45184271 45192782
45192783 45201292
45201293 45209801
45209802 45218308
45218309 45226813
45226814 45235317
45235318 45243819
45243820 45252320
45252321 45260819
45260820 45269316
45269317 45277812
45277813 45286306
45286307 45294799
45294800 45303290
45303291 45311779
45311780 45320267
45320268 45328753
45328754 45337238
45337239 45345721
45345722 45354203
45354204 45362683
45362684 45371161
45371162 45379638
45379639 45388113
45388114 45396587
45396588 45405059
45405060 45413529
45413530 45421998
45421999 45430465
45430466 45438931
45438932 45447395
45447396 45455858
45455859 45464319
45464320 45472778
45472779 45481236
45481237 45489692
45489693 45498147
45498148 45506600
45506601 45515052
45515053 45523502
45523503 45531950
45531951 45540397
45540398 45548842
45548843 45557286
45557287 45565728
45565729 45574169
45574170 45582608
45582609 45591045
45591046 45599481
45599482 45607915
45607916 45616348
45616349 45624779
45624780 45633209
45633210 45641637
45641638 45650064
45650065 45658489
45658490 45666912
45666913 45675334
45675335 45683754
45683755 45692173
45692174 45700590
45700591 45709006
45709007 45717420
45717421 45725833
45725834 45734244
45734245 45742654
45742655 45751062
45751063 45759468
45759469 45767873
45767874 45776276
45776277 45784678
45784679 45793078
45793079 45801477
45801478 45809874
45809875 45818270
45818271 45826664
45826665 45835057
45835058 45843448
45843449 45851837
45851838 45860225
45860226 45868611
45868612 45876996
45876997 45885379
45885380 45893761
45893762 45902141
45902142 45910520
45910521 45918897
45918898 45927273
45927274 45935647
45935648 45944020
45944021 45952391
45952392 45960761
45960762 45969129
45969130 45977496
45977497 45985861
45985862 45994225
45994226 46002587
46002588 46010947
46010948 46019306
46019307 46027663
46027664 46036019
46036020 46044373
46044374 46052726
46052727 46061077
46061078 46069427
46069428 46077775
46077776 46086122
46086123 46094467
46094468 46102811
46102812 46111153
46111154 46119494
46119495 46127833
46127834 46136171
46136172 46144507
46144508 46152842
46152843 46161175
46161176 46169507
46169508 46177837
46177838 46186166
46186167 46194493
46194494 46202819
46202820 46211143
46211144 46219466
46219467 46227787
46227788 46236107
46236108 46244425
46244426 46252742
46252743 46261057
46261058 46269371
46269372 46277683
46277684 46285994
46285995 46294303
46294304 46302611
46302612 46310917
46310918 46319222
46319223 46327525
46327526 46335827
46335828 46344127
46344128 46352426
46352427 46360723
46360724 46369019
46369020 46377313
46377314 46385606
46385607 46393897
46393898 46402187
46402188 46410475
46410476 46418762
46418763 46427048
46427049 46435332
46435333 46443615
46443616 46451896
46451897 46460176
46460177 46468454
46468455 46476731
46476732 46485006
46485007 46493280
46493281 46501552
46501553 46509823
46509824 46518092
46518093 46526360
46526361 46534626
46534627 46542891
46542892 46551154
46551155 46559416
46559417 46567677
46567678 46575936
46575937 46584194
46584195 46592450
46592451 46600705
46600706 46608958
46608959 46617210
46617211 46625460
46625461 46633709
46633710 46641956
46641957 46650202
46650203 46658446
46658447 46666689
46666690 46674931
46674932 46683171
46683172 46691410
46691411 46699647
46699648 46707883
46707884 46716117
46716118 46724350
46724351 46732581
46732582 46740811
46740812 46749039
46749040 46757266
46757267 46765492
46765493 46773716
46773717 46781939
46781940 46790160
46790161 46798380
46798381 46806598
46806599 46814815
46814816 46823030
46823031 46831244
46831245 46839457
46839458 46847668
46847669 46855878
46855879 46864086
46864087 46872293
46872294 46880498
46880499 46888702
46888703 46896905
46896906 46905106
46905107 46913306
46913307 46921504
46921505 46929701
46929702 46937896
46937897 46946090
46946091 46954282
46954283 46962473
46962474 46970663
46970664 46978851
46978852 46987038
46987039 46995223
46995224 47003407
47003408 47011590
47011591 47019771
47019772 47027951
47027952 47036129
47036130 47044306
47044307 47052481
47052482 47060655
47060656 47068828
47068829 47076999
47077000 47085169
47085170 47093337
47093338 47101504
47101505 47109669
47109670 47117833
47117834 47125996
47125997 47134157
47134158 47142317
47142318 47150475
47150476 47158632
47158633 47166788
47166789 47174942
47174943 47183095
47183096 47191246
47191247 47199396
47199397 47207545
47207546 47215692
47215693 47223838
47223839 47231982
47231983 47240125
47240126 47248267
47248268 47256407
47256408 47264546
47264547 47272683
47272684 47280819
47280820 47288954
47288955 47297087
47297088 47305219
47305220 47313349
47313350 47321478
47321479 47329606
47329607 47337732
47337733 47345857
47345858 47353980
47353981 47362102
47362103 47370223
47370224 47378342
47378343 47386460
47386461 47394576
47394577 47402691
47402692 47410805
47410806 47418917
47418918 47427028
47427029 47435137
47435138 47443245
47443246 47451352
47451353 47459457
47459458 47467561
47467562 47475664
47475665 47483765
47483766 47491865
47491866 47499963
47499964 47508060
47508061 47516156
47516157 47524250
47524251 47532343
47532344 47540434
47540435 47548524
47548525 47556613
47556614 47564700
47564701 47572786
47572787 47580871
47580872 47588954
47588955 47597036
47597037 47605116
47605117 47613195
47613196 47621273
47621274 47629349
47629350 47637424
47637425 47645498
47645499 47653570
47653571 47661641
47661642 47669711
47669712 47677779
47677780 47685846
47685847 47693911
47693912 47701975
47701976 47710038
47710039 47718099
47718100 47726159
47726160 47734218
47734219 47742275
47742276 47750331
47750332 47758386
47758387 47766439
47766440 47774491
47774492 47782541
47782542 47790590
47790591 47798638
47798639 47806684
47806685 47814729
47814730 47822773
47822774 47830815
47830816 47838856
47838857 47846896
47846897 47854934
47854935 47862971
47862972 47871007
47871008 47879041
47879042 47887074
47887075 47895106
47895107 47903136
47903137 47911165
47911166 47919193
47919194 47927219
47927220 47935244
47935245 47943267
47943268 47951289
47951290 47959310
47959311 47967329
47967330 47975347
47975348 47983364
47983365 47991379
47991380 47999393
47999394 48007406
48007407 48015417
48015418 48023427
48023428 48031436
48031437 48039443
48039444 48047449
48047450 48055454
48055455 48063457
48063458 48071459
48071460 48079460
48079461 48087459
48087460 48095457
48095458 48103454
48103455 48111449
48111450 48119443
48119444 48127436
48127437 48135427
48135428 48143417
48143418 48151406
48151407 48159393
48159394 48167379
48167380 48175364
48175365 48183347
48183348 48191329
48191330 48199310
48199311 48207290
48207291 48215268
48215269 48223245
48223246 48231221
48231222 48239195
48239196 48247168
48247169 48255140
48255141 48263110
48263111 48271079
48271080 48279047
48279048 48287013
48287014 48294978
48294979 48302942
48302943 48310904
48310905 48318865
48318866 48326825
48326826 48334783
48334784 48342740
48342741 48350696
48350697 48358651
48358652 48366604
48366605 48374556
48374557 48382507
48382508 48390456
48390457 48398404
48398405 48406351
48406352 48414296
48414297 48422240
48422241 48430183
48430184 48438124
48438125 48446064
48446065 48454003
48454004 48461941
48461942 48469877
48469878 48477812
48477813 48485746
48485747 48493678
48493679 48501609
48501610 48509539
48509540 48517468
48517469 48525395
48525396 48533321
48533322 48541246
48541247 48549169
48549170 48557091
48557092 48565012
48565013 48572931
48572932 48580849
48580850 48588766
48588767 48596682
48596683 48604596
48604597 48612509
48612510 48620421
48620422 48628331
48628332 48636240
48636241 48644148
48644149 48652055
48652056 48659960
48659961 48667864
48667865 48675767
48675768 48683668
48683669 48691568
48691569 48699467
48699468 48707365
48707366 48715261
48715262 48723156
48723157 48731050
48731051 48738942
48738943 48746833
48746834 48754723
48754724 48762612
48762613 48770499
48770500 48778385
48778386 48786270
48786271 48794154
48794155 48802036
48802037 48809917
48809918 48817797
48817798 48825675
48825676 48833552
48833553 48841428
48841429 48849303
48849304 48857176
48857177 48865048
48865049 48872919
48872920 48880789
48880790 48888657
48888658 48896524
48896525 48904390
48904391 48912255
48912256 48920118
48920119 48927980
48927981 48935841
48935842 48943700
48943701 48951558
48951559 48959415
48959416 48967271
48967272 48975125
48975126 48982978
48982979 48990830
48990831 48998681
48998682 49006530
49006531 49014378
49014379 49022225
49022226 49030071
49030072 49037915
49037916 49045758
49045759 49053600
49053601 49061441
49061442 49069280
49069281 49077118
49077119 49084955
49084956 49092791
49092792 49100625
49100626 49108458
49108459 49116290
49116291 49124121
49124122 49131950
49131951 49139778
49139779 49147605
49147606 49155431
49155432 49163255
49163256 49171078
49171079 49178900
49178901 49186721
49186722 49194540
49194541 49202358
49202359 49210175
49210176 49217991
49217992 49225805
49225806 49233618
49233619 49241430
49241431 49249241
49249242 49257050
49257051 49264858
49264859 49272665
49272666 49280471
49280472 49288276
49288277 49296079
49296080 49303881
49303882 49311682
49311683 49319482
49319483 49327280
49327281 49335077
49335078 49342873
49342874 49350668
49350669 49358461
49358462 49366253
49366254 49374044
49374045 49381834
49381835 49389622
49389623 49397409
49397410 49405195
49405196 49412980
49412981 49420764
49420765 49428546
49428547 49436327
49436328 49444107
49444108 49451886
49451887 49459663
49459664 49467439
49467440 49475214
49475215 49482988
49482989 49490761
49490762 49498532
49498533 49506302
49506303 49514071
49514072 49521839
49521840 49529605
49529606 49537370
49537371 49545134
49545135 49552897
49552898 49560659
49560660 49568419
49568420 49576178
49576179 49583936
49583937 49591693
49591694 49599449
49599450 49607203
49607204 49614956
49614957 49622708
49622709 49630459
49630460 49638208
49638209 49645956
49645957 49653703
49653704 49661449
49661450 49669194
49669195 49676937
49676938 49684679
49684680 49692420
49692421 49700160
49700161 49707899
49707900 49715636
49715637 49723372
49723373 49731107
49731108 49738841
49738842 49746574
49746575 49754305
49754306 49762035
49762036 49769764
49769765 49777492
49777493 49785219
49785220 49792944
49792945 49800668
49800669 49808391
49808392 49816113
49816114 49823834
49823835 49831553
49831554 49839271
49839272 49846988
49846989 49854704
49854705 49862419
49862420 49870132
49870133 49877844
49877845 49885555
49885556 49893265
49893266 49900974
49900975 49908681
49908682 49916387
49916388 49924092
49924093 49931796
49931797 49939499
49939500 49947201
49947202 49954901
49954902 49962600
49962601 49970298
49970299 49977995
49977996 49985691
49985692 49993385
49993386 50001078
50001079 50008770
50008771 50016461
50016462 50024151
50024152 50031840
50031841 50039527
50039528 50047213
50047214 50054898
50054899 50062582
50062583 50070265
50070266 50077946
50077947 50085626
50085627 50093305
50093306 50100983
50100984 50108660
50108661 50116336
50116337 50124010
50124011 50131683
50131684 50139355
50139356 50147026
50147027 50154696
50154697 50162364
50162365 50170031
50170032 50177697
50177698 50185362
50185363 50193026
50193027 50200689
50200690 50208350
50208351 50216010
50216011 50223669
50223670 50231327
50231328 50238984
50238985 50246640
50246641 50254294
50254295 50261947
50261948 50269599
50269600 50277250
50277251 50284900
50284901 50292549
50292550 50300196
50300197 50307842
50307843 50315487
50315488 50323131
50323132 50330774
50330775 50338416
50338417 50346057
50346058 50353696
50353697 50361334
50361335 50368971
50368972 50376607
50376608 50384242
50384243 50391876
50391877 50399508
50399509 50407139
50407140 50414769
50414770 50422398
50422399 50430026
50430027 50437653
50437654 50445278
50445279 50452902
50452903 50460525
50460526 50468147
50468148 50475768
50475769 50483388
50483389 50491007
50491008 50498624
50498625 50506240
50506241 50513855
50513856 50521469
50521470 50529082
50529083 50536694
50536695 50544305
50544306 50551914
50551915 50559522
50559523 50567129
50567130 50574735
50574736 50582340
50582341 50589944
50589945 50597547
50597548 50605148
50605149 50612748
50612749 50620347
50620348 50627945
50627946 50635542
50635543 50643138
50643139 50650733
50650734 50658326
50658327 50665918
50665919 50673509
50673510 50681099
50681100 50688688
50688689 50696276
50696277 50703863
50703864 50711448
50711449 50719032
50719033 50726615
50726616 50734197
50734198 50741778
50741779 50749358
50749359 50756937
50756938 50764515
50764516 50772091
50772092 50779666
50779667 50787240
50787241 50794813
50794814 50802385
50802386 50809956
50809957 50817526
50817527 50825094
50825095 50832661
50832662 50840227
50840228 50847792
50847793 50855356
50855357 50862919
50862920 50870481
50870482 50878042
50878043 50885601
50885602 50893159
50893160 50900716
50900717 50908272
50908273 50915827
50915828 50923381
50923382 50930934
50930935 50938486
50938487 50946037
50946038 50953586
50953587 50961134
50961135 50968681
50968682 50976227
50976228 50983772
50983773 50991316
50991317 50998859
50998860 51006401
51006402 51013941
51013942 51021480
51021481 51029018
51029019 51036555
51036556 51044091
51044092 51051626
51051627 51059160
51059161 51066693
51066694 51074225
51074226 51081755
51081756 51089284
51089285 51096812
51096813 51104339
51104340 51111865
51111866 51119390
51119391 51126914
51126915 51134437
51134438 51141959
51141960 51149479
51149480 51156998
51156999 51164516
51164517 51172033
51172034 51179549
51179550 51187064
51187065 51194578
51194579 51202091
51202092 51209603
51209604 51217114
51217115 51224623
51224624 51232131
51232132 51239638
51239639 51247144
51247145 51254649
51254650 51262153
51262154 51269656
51269657 51277158
51277159 51284659
51284660 51292159
51292160 51299657
51299658 51307154
51307155 51314650
51314651 51322145
51322146 51329639
51329640 51337132
51337133 51344624
51344625 51352115
51352116 51359605
51359606 51367094
51367095 51374582
51374583 51382068
51382069 51389553
51389554 51397037
51397038 51404520
51404521 51412002
51412003 51419483
51419484 51426963
51426964 51434442
51434443 51441920
51441921 51449397
51449398 51456873
51456874 51464347
51464348 51471820
51471821 51479292
51479293 51486763
51486764 51494233
51494234 51501702
51501703 51509170
51509171 51516637
51516638 51524103
51524104 51531568
51531569 51539032
51539033 51546495
51546496 51553956
51553957 51561416
51561417 51568875
51568876 51576333
51576334 51583790
51583791 51591246
51591247 51598701
51598702 51606155
51606156 51613608
51613609 51621060
51621061 51628511
51628512 51635961
51635962 51643410
51643411 51650857
51650858 51658303
51658304 51665748
51665749 51673192
51673193 51680635
51680636 51688077
51688078 51695518
51695519 51702958
51702959 51710397
51710398 51717835
51717836 51725272
51725273 51732708
51732709 51740143
51740144 51747577
51747578 51755009
51755010 51762440
51762441 51769870
51769871 51777299
51777300 51784727
51784728 51792154
51792155 51799580
51799581 51807005
51807006 51814429
51814430 51821852
51821853 51829274
51829275 51836695
51836696 51844115
51844116 51851534
51851535 51858952
51858953 51866369
51866370 51873784
51873785 51881198
51881199 51888611
51888612 51896023
51896024 51903434
51903435 51910844
51910845 51918253
51918254 51925661
51925662 51933068
51933069 51940474
51940475 51947879
51947880 51955283
51955284 51962686
51962687 51970088
51970089 51977489
51977490 51984889
51984890 51992288
51992289 51999686
51999687 52007082
52007083 52014477
52014478 52021871
52021872 52029264
52029265 52036656
52036657 52044047
52044048 52051437
52051438 52058826
52058827 52066214
52066215 52073601
52073602 52080987
52080988 52088372
52088373 52095756
52095757 52103139
52103140 52110521
52110522 52117902
52117903 52125282
52125283 52132661
52132662 52140039
52140040 52147416
52147417 52154792
52154793 52162166
52162167 52169539
52169540 52176911
52176912 52184282
52184283 52191652
52191653 52199021
52199022 52206389
52206390 52213756
52213757 52221122
52221123 52228487
52228488 52235851
52235852 52243214
52243215 52250576
52250577 52257937
52257938 52265297
52265298 52272656
52272657 52280014
52280015 52287371
52287372 52294727
52294728 52302082
52302083 52309436
52309437 52316789
52316790 52324141
52324142 52331492
52331493 52338842
52338843 52346191
52346192 52353539
52353540 52360885
52360886 52368230
52368231 52375574
52375575 52382917
52382918 52390259
52390260 52397600
52397601 52404940
52404941 52412279
52412280 52419617
52419618 52426954
52426955 52434290
52434291 52441625
52441626 52448959
52448960 52456292
52456293 52463624
52463625 52470955
52470956 52478285
52478286 52485614
52485615 52492942
52492943 52500269
52500270 52507595
52507596 52514920
52514921 52522244
52522245 52529567
52529568 52536889
52536890 52544210
52544211 52551530
52551531 52558849
52558850 52566167
52566168 52573484
52573485 52580800
52580801 52588115
52588116 52595429
52595430 52602742
52602743 52610054
52610055 52617365
52617366 52624675
52624676 52631984
52631985 52639292
52639293 52646599
52646600 52653905
52653906 52661210
52661211 52668514
52668515 52675817
52675818 52683119
52683120 52690420
52690421 52697720
52697721 52705019
52705020 52712317
52712318 52719613
52719614 52726908
52726909 52734202
52734203 52741495
52741496 52748787
52748788 52756078
52756079 52763368
52763369 52770657
52770658 52777945
52777946 52785232
52785233 52792518
52792519 52799803
52799804 52807087
52807088 52814370
52814371 52821652
52821653 52828933
52828934 52836213
52836214 52843492
52843493 52850770
52850771 52858047
52858048 52865323
52865324 52872598
52872599 52879872
52879873 52887145
52887146 52894417
52894418 52901688
52901689 52908958
52908959 52916227
52916228 52923495
52923496 52930762
52930763 52938028
52938029 52945293
52945294 52952557
52952558 52959820
52959821 52967082
52967083 52974343
52974344 52981603
52981604 52988862
52988863 52996120
52996121 53003377
53003378 53010633
53010634 53017888
53017889 53025142
53025143 53032395
53032396 53039647
53039648 53046898
53046899 53054148
53054149 53061397
53061398 53068646
53068647 53075894
53075895 53083141
53083142 53090387
53090388 53097632
53097633 53104876
53104877 53112119
53112120 53119361
53119362 53126602
53126603 53133842
53133843 53141081
53141082 53148319
53148320 53155556
53155557 53162792
53162793 53170027
53170028 53177261
53177262 53184494
53184495 53191726
53191727 53198957
53198958 53206187
53206188 53213416
53213417 53220644
53220645 53227871
53227872 53235097
53235098 53242322
53242323 53249546
53249547 53256769
53256770 53263991
53263992 53271212
53271213 53278432
53278433 53285651
53285652 53292869
53292870 53300086
53300087 53307302
53307303 53314517
53314518 53321731
53321732 53328944
53328945 53336156
53336157 53343367
53343368 53350577
53350578 53357786
53357787 53364994
53364995 53372201
53372202 53379407
53379408 53386612
53386613 53393816
53393817 53401019
53401020 53408221
53408222 53415422
53415423 53422622
53422623 53429822
53429823 53437021
53437022 53444219
53444220 53451416
53451417 53458612
53458613 53465807
53465808 53473001
53473002 53480194
53480195 53487386
53487387 53494577
53494578 53501767
53501768 53508956
53508957 53516144
53516145 53523331
53523332 53530517
53530518 53537702
53537703 53544886
53544887 53552069
53552070 53559251
53559252 53566432
53566433 53573612
53573613 53580791
53580792 53587969
53587970 53595146
53595147 53602322
53602323 53609497
53609498 53616671
53616672 53623844
53623845 53631016
53631017 53638188
53638189 53645359
53645360 53652529
53652530 53659698
53659699 53666866
53666867 53674033
53674034 53681199
53681200 53688364
53688365 53695528
53695529 53702691
53702692 53709853
53709854 53717014
53717015 53724174
53724175 53731333
53731334 53738491
53738492 53745648
53745649 53752804
53752805 53759959
53759960 53767113
53767114 53774266
53774267 53781418
53781419 53788569
53788570 53795720
53795721 53802870
53802871 53810019
53810020 53817167
53817168 53824314
53824315 53831460
53831461 53838605
53838606 53845749
53845750 53852892
53852893 53860034
53860035 53867175
53867176 53874315
53874316 53881454
53881455 53888592
53888593 53895729
53895730 53902865
53902866 53910000
53910001 53917134
53917135 53924267
53924268 53931400
53931401 53938532
53938533 53945663
53945664 53952793
53952794 53959922
53959923 53967050
53967051 53974177
53974178 53981303
53981304 53988428
53988429 53995552
53995553 54002675
54002676 54009797
54009798 54016918
54016919 54024038
54024039 54031157
54031158 54038275
54038276 54045392
54045393 54052509
54052510 54059625
54059626 54066740
54066741 54073854
54073855 54080967
54080968 54088079
54088080 54095190
54095191 54102300
54102301 54109409
54109410 54116517
54116518 54123624
54123625 54130730
54130731 54137835
54137836 54144939
54144940 54152042
54152043 54159145
54159146 54166247
54166248 54173348
54173349 54180448
54180449 54187547
54187548 54194645
54194646 54201742
54201743 54208838
54208839 54215933
54215934 54223027
54223028 54230120
54230121 54237212
54237213 54244303
54244304 54251393
54251394 54258483
54258484 54265572
54265573 54272660
54272661 54279747
54279748 54286833
54286834 54293918
54293919 54301002
54301003 54308085
54308086 54315167
54315168 54322248
54322249 54329328
54329329 54336407
54336408 54343485
54343486 54350563
54350564 54357640
54357641 54364716
54364717 54371791
54371792 54378865
54378866 54385938
54385939 54393010
54393011 54400081
54400082 54407151
54407152 54414220
54414221 54421288
54421289 54428355
54428356 54435421
54435422 54442487
54442488 54449552
54449553 54456616
54456617 54463679
54463680 54470741
54470742 54477802
54477803 54484862
54484863 54491921
54491922 54498979
54498980 54506036
54506037 54513092
54513093 54520148
54520149 54527203
54527204 54534257
54534258 54541310
54541311 54548362
54548363 54555413
54555414 54562463
54562464 54569512
54569513 54576560
54576561 54583607
54583608 54590653
54590654 54597698
54597699 54604743
54604744 54611787
54611788 54618830
54618831 54625872
54625873 54632913
54632914 54639953
54639954 54646992
54646993 54654030
54654031 54661067
54661068 54668103
54668104 54675139
54675140 54682174
54682175 54689208
54689209 54696241
54696242 54703273
54703274 54710304
54710305 54717334
54717335 54724363
54724364 54731391
54731392 54738418
54738419 54745444
54745445 54752470
54752471 54759495
54759496 54766519
54766520 54773542
54773543 54780564
54780565 54787585
54787586 54794605
54794606 54801624
54801625 54808642
54808643 54815659
54815660 54822676
54822677 54829692
54829693 54836707
54836708 54843721
54843722 54850734
54850735 54857746
54857747 54864757
54864758 54871767
54871768 54878776
54878777 54885785
54885786 54892793
54892794 54899800
54899801 54906806
54906807 54913811
54913812 54920815
54920816 54927818
54927819 54934820
54934821 54941821
54941822 54948821
54948822 54955821
54955822 54962820
54962821 54969818
54969819 54976815
54976816 54983811
54983812 54990806
54990807 54997800
54997801 55004793
55004794 55011785
55011786 55018777
55018778 55025768
55025769 55032758
55032759 55039747
55039748 55046735
55046736 55053722
55053723 55060708
55060709 55067693
55067694 55074677
55074678 55081661
55081662 55088644
55088645 55095626
55095627 55102607
55102608 55109587
55109588 55116566
55116567 55123544
55123545 55130521
55130522 55137498
55137499 55144474
55144475 55151449
55151450 55158423
55158424 55165396
55165397 55172368
55172369 55179339
55179340 55186309
55186310 55193278
55193279 55200247
55200248 55207215
55207216 55214182
55214183 55221148
55221149 55228113
55228114 55235077
55235078 55242040
55242041 55249002
55249003 55255964
55255965 55262925
55262926 55269885
55269886 55276844
55276845 55283802
55283803 55290759
55290760 55297715
55297716 55304670
55304671 55311625
55311626 55318579
55318580 55325532
55325533 55332484
55332485 55339435
55339436 55346385
55346386 55353334
55353335 55360282
55360283 55367230
55367231 55374177
55374178 55381123
55381124 55388068
55388069 55395012
55395013 55401955
55401956 55408897
55408898 55415838
55415839 55422779
55422780 55429719
55429720 55436658
55436659 55443596
55443597 55450533
55450534 55457469
55457470 55464404
55464405 55471339
55471340 55478273
55478274 55485206
55485207 55492138
55492139 55499069
55499070 55505999
55506000 55512928
55512929 55519856
55519857 55526784
55526785 55533711
55533712 55540637
55540638 55547562
55547563 55554486
55554487 55561409
55561410 55568331
55568332 55575253
55575254 55582174
55582175 55589094
55589095 55596013
55596014 55602931
55602932 55609848
55609849 55616764
55616765 55623680
55623681 55630595
55630596 55637509
55637510 55644422
55644423 55651334
55651335 55658245
55658246 55665155
55665156 55672065
55672066 55678974
55678975 55685882
55685883 55692789
55692790 55699695
55699696 55706600
55706601 55713504
55713505 55720408
55720409 55727311
55727312 55734213
55734214 55741114
55741115 55748014
55748015 55754913
55754914 55761811
55761812 55768709
55768710 55775606
55775607 55782502
55782503 55789397
55789398 55796291
55796292 55803184
55803185 55810076
55810077 55816968
55816969 55823859
55823860 55830749
55830750 55837638
55837639 55844526
55844527 55851413
55851414 55858299
55858300 55865185
55865186 55872070
55872071 55878954
55878955 55885837
55885838 55892719
55892720 55899600
55899601 55906481
55906482 55913361
55913362 55920240
55920241 55927118
55927119 55933995
55933996 55940871
55940872 55947746
55947747 55954621
55954622 55961495
55961496 55968368
55968369 55975240
55975241 55982111
55982112 55988981
55988982 55995851
55995852 56002720
56002721 56009588
56009589 56016455
56016456 56023321
56023322 56030186
56030187 56037051
56037052 56043915
56043916 56050778
56050779 56057640
56057641 56064501
56064502 56071361
56071362 56078220
56078221 56085079
56085080 56091937
56091938 56098794
56098795 56105650
56105651 56112505
56112506 56119359
56119360 56126213
56126214 56133066
56133067 56139918
56139919 56146769
56146770 56153619
56153620 56160468
56160469 56167317
56167318 56174165
56174166 56181012
56181013 56187858
56187859 56194703
56194704 56201547
56201548 56208391
56208392 56215234
56215235 56222076
56222077 56228917
56228918 56235757
56235758 56242596
56242597 56249435
56249436 56256273
56256274 56263110
56263111 56269946
56269947 56276781
56276782 56283615
56283616 56290449
56290450 56297282
56297283 56304114
56304115 56310945
56310946 56317775
56317776 56324604
56324605 56331433
56331434 56338261
56338262 56345088
56345089 56351914
56351915 56358739
56358740 56365564
56365565 56372388
56372389 56379211
56379212 56386033
56386034 56392854
56392855 56399674
56399675 56406494
56406495 56413313
56413314 56420131
56420132 56426948
56426949 56433764
56433765 56440579
56440580 56447394
56447395 56454208
56454209 56461021
56461022 56467833
56467834 56474644
56474645 56481454
56481455 56488264
56488265 56495073
56495074 56501881
56501882 56508688
56508689 56515494
56515495 56522300
56522301 56529105
56529106 56535909
56535910 56542712
56542713 56549514
56549515 56556315
56556316 56563116
56563117 56569916
56569917 56576715
56576716 56583513
56583514 56590310
56590311 56597107
56597108 56603903
56603904 56610698
56610699 56617492
56617493 56624285
56624286 56631078
56631079 56637870
56637871 56644661
56644662 56651451
56651452 56658240
56658241 56665028
56665029 56671816
56671817 56678603
56678604 56685389
56685390 56692174
56692175 56698958
56698959 56705742
56705743 56712525
56712526 56719307
56719308 56726088
56726089 56732868
56732869 56739648
56739649 56746427
56746428 56753205
56753206 56759982
56759983 56766758
56766759 56773533
56773534 56780308
56780309 56787082
56787083 56793855
56793856 56800627
56800628 56807398
56807399 56814169
56814170 56820939
56820940 56827708
56827709 56834476
56834477 56841243
56841244 56848010
56848011 56854776
56854777 56861541
56861542 56868305
56868306 56875068
56875069 56881831
56881832 56888593
56888594 56895354
56895355 56902114
56902115 56908873
56908874 56915632
56915633 56922390
56922391 56929147
56929148 56935903
56935904 56942658
56942659 56949413
56949414 56956167
56956168 56962920
56962921 56969672
56969673 56976423
56976424 56983174
56983175 56989924
56989925 56996673
56996674 57003421
57003422 57010168
57010169 57016915
57016916 57023661
57023662 57030406
57030407 57037150
57037151 57043893
57043894 57050636
57050637 57057378
57057379 57064119
57064120 57070859
57070860 57077598
57077599 57084337
57084338 57091075
57091076 57097812
57097813 57104548
57104549 57111283
57111284 57118018
57118019 57124752
57124753 57131485
57131486 57138217
57138218 57144948
57144949 57151679
57151680 57158409
57158410 57165138
57165139 57171866
57171867 57178593
57178594 57185320
57185321 57192046
57192047 57198771
57198772 57205495
57205496 57212219
57212220 57218942
57218943 57225664
57225665 57232385
57232386 57239105
57239106 57245825
57245826 57252544
57252545 57259262
57259263 57265979
57265980 57272695
57272696 57279411
57279412 57286126
57286127 57292840
57292841 57299553
57299554 57306265
57306266 57312977
57312978 57319688
57319689 57326398
57326399 57333107
57333108 57339816
57339817 57346524
57346525 57353231
57353232 57359937
57359938 57366642
57366643 57373347
57373348 57380051
57380052 57386754
57386755 57393456
57393457 57400157
57400158 57406858
57406859 57413558
57413559 57420257
57420258 57426955
57426956 57433653
57433654 57440350
57440351 57447046
57447047 57453741
57453742 57460435
57460436 57467129
57467130 57473822
57473823 57480514
57480515 57487205
57487206 57493896
57493897 57500586
57500587 57507275
57507276 57513963
57513964 57520650
57520651 57527337
57527338 57534023
57534024 57540708
57540709 57547392
57547393 57554076
57554077 57560759
57560760 57567441
57567442 57574122
57574123 57580802
57580803 57587482
57587483 57594161
57594162 57600839
57600840 57607516
57607517 57614193
57614194 57620869
57620870 57627544
57627545 57634218
57634219 57640891
57640892 57647564
57647565 57654236
57654237 57660907
57660908 57667577
57667578 57674247
57674248 57680916
57680917 57687584
57687585 57694251
57694252 57700918
57700919 57707584
57707585 57714249
57714250 57720913
57720914 57727576
57727577 57734239
57734240 57740901
57740902 57747562
57747563 57754222
57754223 57760882
57760883 57767541
57767542 57774199
57774200 57780856
57780857 57787513
57787514 57794169
57794170 57800824
57800825 57807478
57807479 57814132
57814133 57820785
57820786 57827437
57827438 57834088
57834089 57840738
57840739 57847388
57847389 57854037
57854038 57860685
57860686 57867332
57867333 57873979
57873980 57880625
57880626 57887270
57887271 57893914
57893915 57900558
57900559 57907201
57907202 57913843
57913844 57920484
57920485 57927125
57927126 57933765
57933766 57940404
57940405 57947042
57947043 57953679
57953680 57960316
57960317 57966952
57966953 57973587
57973588 57980221
57980222 57986855
57986856 57993488
57993489 58000120
58000121 58006751
58006752 58013382
58013383 58020012
58020013 58026641
58026642 58033269
58033270 58039897
58039898 58046524
58046525 58053150
58053151 58059775
58059776 58066400
58066401 58073024
58073025 58079647
58079648 58086269
58086270 58092891
58092892 58099512
58099513 58106132
58106133 58112751
58112752 58119370
58119371 58125988
58125989 58132605
58132606 58139221
58139222 58145837
58145838 58152452
58152453 58159066
58159067 58165679
58165680 58172292
58172293 58178904
58178905 58185515
58185516 58192125
58192126 58198735
58198736 58205344
58205345 58211952
58211953 58218559
58218560 58225166
58225167 58231772
58231773 58238377
58238378 58244981
58244982 58251585
58251586 58258188
58258189 58264790
58264791 58271391
58271392 58277992
58277993 58284592
58284593 58291191
58291192 58297789
58297790 58304387
58304388 58310984
58310985 58317580
58317581 58324175
58324176 58330770
58330771 58337364
58337365 58343957
58343958 58350549
58350550 58357141
58357142 58363732
58363733 58370322
58370323 58376911
58376912 58383500
58383501 58390088
58390089 58396675
58396676 58403261
58403262 58409847
58409848 58416432
58416433 58423016
58423017 58429599
58429600 58436182
58436183 58442764
58442765 58449345
58449346 58455925
58455926 58462505
58462506 58469084
58469085 58475662
58475663 58482239
58482240 58488816
58488817 58495392
58495393 58501967
58501968 58508542
58508543 58515116
58515117 58521689
58521690 58528261
58528262 58534833
58534834 58541404
58541405 58547974
58547975 58554543
58554544 58561112
58561113 58567680
58567681 58574247
58574248 58580813
58580814 58587379
58587380 58593944
58593945 58600508
58600509 58607071
58607072 58613634
58613635 58620196
58620197 58626757
58626758 58633318
58633319 58639878
58639879 58646437
58646438 58652995
58652996 58659553
58659554 58666110
58666111 58672666
58672667 58679221
58679222 58685776
58685777 58692330
58692331 58698883
58698884 58705435
58705436 58711987
58711988 58718538
58718539 58725088
58725089 58731638
58731639 58738187
58738188 58744735
58744736 58751282
58751283 58757829
58757830 58764375
58764376 58770920
58770921 58777464
58777465 58784008
58784009 58790551
58790552 58797093
58797094 58803635
58803636 58810176
58810177 58816716
58816717 58823255
58823256 58829794
58829795 58836332
58836333 58842869
58842870 58849405
58849406 58855941
58855942 58862476
58862477 58869010
58869011 58875544
58875545 58882077
58882078 58888609
58888610 58895140
58895141 58901671
58901672 58908201
58908202 58914730
58914731 58921258
58921259 58927786
58927787 58934313
58934314 58940839
58940840 58947365
58947366 58953890
58953891 58960414
58960415 58966937
58966938 58973460
58973461 58979982
58979983 58986503
58986504 58993024
58993025 58999544
58999545 59006063
59006064 59012581
59012582 59019099
59019100 59025616
59025617 59032132
59032133 59038647
59038648 59045162
59045163 59051676
59051677 59058189
59058190 59064702
59064703 59071214
59071215 59077725
59077726 59084235
59084236 59090745
59090746 59097254
59097255 59103762
59103763 59110270
59110271 59116777
59116778 59123283
59123284 59129788
59129789 59136293
59136294 59142797
59142798 59149300
59149301 59155803
59155804 59162305
59162306 59168806
59168807 59175306
59175307 59181806
59181807 59188305
59188306 59194803
59194804 59201301
59201302 59207798
59207799 59214294
59214295 59220789
59220790 59227284
59227285 59233778
59233779 59240271
59240272 59246764
59246765 59253256
59253257 59259747
59259748 59266237
59266238 59272727
59272728 59279216
59279217 59285704
59285705 59292192
59292193 59298679
59298680 59305165
59305166 59311651
59311652 59318136
59318137 59324620
59324621 59331103
59331104 59337586
59337587 59344068
59344069 59350549
59350550 59357030
59357031 59363510
59363511 59369989
59369990 59376467
59376468 59382945
59382946 59389422
59389423 59395898
59395899 59402374
59402375 59408849
59408850 59415323
59415324 59421796
59421797 59428269
59428270 59434741
59434742 59441212
59441213 59447683
59447684 59454153
59454154 59460622
59460623 59467091
59467092 59473559
59473560 59480026
59480027 59486492
59486493 59492958
59492959 59499423
59499424 59505887
59505888 59512351
59512352 59518814
59518815 59525276
59525277 59531738
59531739 59538199
59538200 59544659
59544660 59551118
59551119 59557577
59557578 59564035
59564036 59570492
59570493 59576949
59576950 59583405
59583406 59589860
59589861 59596315
59596316 59602769
59602770 59609222
59609223 59615674
59615675 59622126
59622127 59628577
59628578 59635027
59635028 59641477
59641478 59647926
59647927 59654374
59654375 59660822
59660823 59667269
59667270 59673715
59673716 59680160
59680161 59686605
59686606 59693049
59693050 59699492
59699493 59705935
59705936 59712377
59712378 59718818
59718819 59725259
59725260 59731699
59731700 59738138
59738139 59744577
59744578 59751015
59751016 59757452
59757453 59763888
59763889 59770324
59770325 59776759
59776760 59783193
59783194 59789627
59789628 59796060
59796061 59802492
59802493 59808924
59808925 59815355
59815356 59821785
59821786 59828215
59828216 59834644
59834645 59841072
59841073 59847499
59847500 59853926
59853927 59860352
59860353 59866777
59866778 59873202
59873203 59879626
59879627 59886049
59886050 59892472
59892473 59898894
59898895 59905315
59905316 59911736
59911737 59918156
59918157 59924575
59924576 59930993
59930994 59937411
59937412 59943828
59943829 59950244
59950245 59956660
59956661 59963075
59963076 59969489
59969490 59975903
59975904 59982316
59982317 59988728
59988729 59995140
59995141 60001551
60001552 60007961
60007962 60014371
60014372 60020780
60020781 60027188
60027189 60033596
60033597 60040003
60040004 60046409
60046410 60052814
60052815 60059219
60059220 60065623
60065624 60072026
60072027 60078429
60078430 60084831
60084832 60091232
60091233 60097633
60097634 60104033
60104034 60110432
60110433 60116831
60116832 60123229
60123230 60129626
60129627 60136023
60136024 60142419
60142420 60148814
60148815 60155209
60155210 60161603
60161604 60167996
60167997 60174389
60174390 60180781
60180782 60187172
60187173 60193562
60193563 60199952
60199953 60206341
60206342 60212729
60212730 60219117
60219118 60225504
60225505 60231890
60231891 60238276
60238277 60244661
60244662 60251045
60251046 60257429
60257430 60263812
60263813 60270194
60270195 60276576
60276577 60282957
60282958 60289337
60289338 60295717
60295718 60302096
60302097 60308474
60308475 60314852
60314853 60321229
60321230 60327605
60327606 60333981
60333982 60340356
60340357 60346730
60346731 60353104
60353105 60359477
60359478 60365849
60365850 60372221
60372222 60378592
60378593 60384962
60384963 60391332
60391333 60397701
60397702 60404069
60404070 60410437
60410438 60416804
60416805 60423170
60423171 60429536
60429537 60435901
60435902 60442265
60442266 60448629
60448630 60454992
60454993 60461354
60461355 60467716
60467717 60474077
60474078 60480437
60480438 60486797
60486798 60493156
60493157 60499514
60499515 60505871
60505872 60512228
60512229 60518584
60518585 60524939
60524940 60531294
60531295 60537648
60537649 60544001
60544002 60550354
60550355 60556706
60556707 60563057
60563058 60569408
60569409 60575758
60575759 60582107
60582108 60588456
60588457 60594804
60594805 60601152
60601153 60607499
60607500 60613845
60613846 60620191
60620192 60626536
60626537 60632880
60632881 60639224
60639225 60645567
60645568 60651909
60651910 60658251
60658252 60664592
60664593 60670932
60670933 60677272
60677273 60683611
60683612 60689949
60689950 60696287
60696288 60702624
60702625 60708960
60708961 60715296
60715297 60721631
60721632 60727965
60727966 60734299
60734300 60740632
60740633 60746964
60746965 60753296
60753297 60759627
60759628 60765957
60765958 60772287
60772288 60778616
60778617 60784944
60784945 60791272
60791273 60797599
60797600 60803925
60803926 60810251
60810252 60816576
60816577 60822900
60822901 60829224
60829225 60835547
60835548 60841869
60841870 60848191
60848192 60854512
60854513 60860832
60860833 60867152
60867153 60873471
60873472 60879789
60879790 60886107
60886108 60892424
60892425 60898740
60898741 60905056
60905057 60911371
60911372 60917686
60917687 60924000
60924001 60930313
60930314 60936626
60936627 60942938
60942939 60949249
60949250 60955560
60955561 60961870
60961871 60968179
60968180 60974488
60974489 60980796
60980797 60987103
60987104 60993410
60993411 60999716
60999717 61006021
61006022 61012326
61012327 61018630
61018631 61024933
61024934 61031236
61031237 61037538
61037539 61043839
61043840 61050140
61050141 61056440
61056441 61062740
61062741 61069039
61069040 61075337
61075338 61081635
61081636 61087932
61087933 61094228
61094229 61100524
61100525 61106819
61106820 61113113
61113114 61119407
61119408 61125700
61125701 61131992
61131993 61138284
61138285 61144575
61144576 61150865
61150866 61157155
61157156 61163444
61163445 61169732
61169733 61176020
61176021 61182307
61182308 61188594
61188595 61194880
61194881 61201165
61201166 61207450
61207451 61213734
61213735 61220017
61220018 61226300
61226301 61232582
61232583 61238863
61238864 61245144
61245145 61251424
61251425 61257703
61257704 61263982
61263983 61270260
61270261 61276538
61276539 61282815
61282816 61289091
61289092 61295367
61295368 61301642
61301643 61307916
61307917 61314190
61314191 61320463
61320464 61326735
61326736 61333007
61333008 61339278
61339279 61345548
61345549 61351818
61351819 61358087
61358088 61364356
61364357 61370624
61370625 61376891
61376892 61383158
61383159 61389424
61389425 61395689
61395690 61401954
61401955 61408218
61408219 61414481
61414482 61420744
61420745 61427006
61427007 61433268
61433269 61439529
61439530 61445789
61445790 61452049
61452050 61458308
61458309 61464566
61464567 61470824
61470825 61477081
61477082 61483337
61483338 61489593
61489594 61495848
61495849 61502103
61502104 61508357
61508358 61514610
61514611 61520863
61520864 61527115
61527116 61533366
61533367 61539617
61539618 61545867
61545868 61552116
61552117 61558365
61558366 61564613
61564614 61570861
61570862 61577108
61577109 61583354
61583355 61589600
61589601 61595845
61595846 61602089
61602090 61608333
61608334 61614576
61614577 61620818
61620819 61627060
61627061 61633301
61633302 61639542
61639543 61645782
61645783 61652021
61652022 61658260
61658261 61664498
61664499 61670735
61670736 61676972
61676973 61683208
61683209 61689444
61689445 61695679
61695680 61701913
61701914 61708147
61708148 61714380
61714381 61720612
61720613 61726844
61726845 61733075
61733076 61739305
61739306 61745535
61745536 61751764
61751765 61757993
61757994 61764221
61764222 61770448
61770449 61776675
61776676 61782901
61782902 61789126
61789127 61795351
61795352 61801575
61801576 61807799
61807800 61814022
61814023 61820244
61820245 61826466
61826467 61832687
61832688 61838907
61838908 61845127
61845128 61851346
61851347 61857565
61857566 61863783
61863784 61870000
61870001 61876217
61876218 61882433
61882434 61888648
61888649 61894863
61894864 61901077
61901078 61907291
61907292 61913504
61913505 61919716
61919717 61925928
61925929 61932139
61932140 61938349
61938350 61944559
61944560 61950768
61950769 61956977
61956978 61963185
61963186 61969392
61969393 61975599
61975600 61981805
61981806 61988010
61988011 61994215
61994216 62000419
62000420 62006623
62006624 62012826
62012827 62019028
